>Drosophila
pubmed:36240221 36120568 36070387 36028502 36007803 35810197 35796156 35792854 35778382 35771125 35696584 35666088 35655387 35646905 35637493 35593701 35575115 35475221 35443190 35322942
pmc:9535882 9530117 9524666 9523997 9535385 9515195 9514664 9548571 9509368 9509360 9532834 9505265 9482574 9493756 9487757 9539403 9496678 9494244 9499665 9494746
mesh:67121964 67116463 67066591
books:5385462 5385446 5385422 5385394 5385392 5332504 5321896 5101706 4997702 4759088 4616132 4544732 4492144 4370598 4293560 3385706 3312398 3312342 3312278 3312274
nuccore:667677333 671162122 665394711 442618602 80980794 116710986 684877400
protein:7300744 7299492 17738093 17737779 194133810 194198511 900912675
gene:42536 41407 6727192 6614350
sra:21967797 21967796 13969457 13969456 13969455 13969454 13969453 13969452 13969451 13969450 13969449 12752571 12752570 12752569 12752568 12752567 7632336 7632335 7632334 7632333
geoprofiles:130079600 100926100 97166627 97119500 95759600 93895400 92445500 70952800 70261100 65455800 63240427 63037600 57983200 54924627 52798327 51848100 47883600 45676600 41793827 40725600
gds:200183739 200189554 200203601 200184454 200088807 200193530 200201842 200171396 200171547 200166714 200165066 200153904 200153903 200163983 200160007 200141807 200133412 200122575 200122574 200122573
pcsubstance:135289743
pcassay:1159615 977611 977610 977608 720505 686990 686943 686938 686937 652272 652259 652243 504808 504805 504804 504794 504793
nlmcatalog:101646928 101584537 101528588
bioproject:841579 833293 796548 783569 764702 720047 719389 701668 693178 688480 671596 644505 644504 594854 551426 505657 505656 505610 498315 498087
> Ecoli
